M1=100;
M2=30;
b=50;
k1=10;
k2=5;
